Webots Project File version R2025a
perspectives: 000000ff00000000fd00000002000000010000011c000003edfc0200000001fb0000001400540065007800740045006400690074006f00720100000019000003ed0000004000ffffff0000000300000780000000dafc0100000001fb0000001a0043006f006e0073006f006c00650041006c006c0041006c006c010000000000000780000000000000000000000662000003ed00000001000000020000000100000008fc00000000
simulationViewPerspectives: 000000ff000000010000000200000110000005520100000002010000000100
sceneTreePerspectives: 000000ff000000010000000300000022000002d3000000fa0100000002010000000200
maximizedDockId: -1
centralWidgetVisible: 1
orthographicViewHeight: 1
textFiles: -1
renderingDevicePerspectives: ackerman:camera_front;1;0.235938;0;0
renderingDevicePerspectives: ackerman:rotating_camera;1;0.135938;0;0
